{
 "cells": [
  {
   "cell_type": "markdown",
   "id": "fc1ea11c",
   "metadata": {},
   "source": [
    "### Homework 2 - Movie Lens Data Analysis"
   ]
  },
  {
   "cell_type": "markdown",
   "id": "eb1d8f4e",
   "metadata": {},
   "source": [
    "#### Done by Mohanapriya Subramanian"
   ]
  },
  {
   "cell_type": "code",
   "execution_count": 42,
   "id": "59d9c1ea",
   "metadata": {},
   "outputs": [
    {
     "data": {
      "text/plain": [
       "<bound method NDFrame.head of          user_id  movie_id  rating  timestamp gender   age  occupation    zip  \\\n",
       "0            1.0    1193.0       5  978300760      F   1.0        10.0  48067   \n",
       "1            2.0    1193.0       5  978298413      M  56.0        16.0  70072   \n",
       "2           12.0    1193.0       4  978220179      M  25.0        12.0  32793   \n",
       "3           15.0    1193.0       4  978199279      M  25.0         7.0  22903   \n",
       "4           17.0    1193.0       5  978158471      M  50.0         1.0  95350   \n",
       "...          ...       ...     ...        ...    ...   ...         ...    ...   \n",
       "1000204   5949.0    2198.0       5  958846401      M  18.0        17.0  47901   \n",
       "1000205   5675.0    2703.0       3  976029116      M  35.0        14.0  30030   \n",
       "1000206   5780.0    2845.0       1  958153068      M  18.0        17.0  92886   \n",
       "1000207   5851.0    3607.0       5  957756608      F  18.0        20.0  55410   \n",
       "1000208   5938.0    2909.0       4  957273353      M  25.0         1.0  35401   \n",
       "\n",
       "                                               title                genres  \\\n",
       "0             One Flew Over the Cuckoo's Nest (1975)                 Drama   \n",
       "1             One Flew Over the Cuckoo's Nest (1975)                 Drama   \n",
       "2             One Flew Over the Cuckoo's Nest (1975)                 Drama   \n",
       "3             One Flew Over the Cuckoo's Nest (1975)                 Drama   \n",
       "4             One Flew Over the Cuckoo's Nest (1975)                 Drama   \n",
       "...                                              ...                   ...   \n",
       "1000204                           Modulations (1998)           Documentary   \n",
       "1000205                        Broken Vessels (1998)                 Drama   \n",
       "1000206                            White Boys (1999)                 Drama   \n",
       "1000207                     One Little Indian (1973)  Comedy|Drama|Western   \n",
       "1000208  Five Wives, Three Secretaries and Me (1998)           Documentary   \n",
       "\n",
       "                       date  year  month  \n",
       "0       2000-12-31 22:12:40  2000     12  \n",
       "1       2000-12-31 21:33:33  2000     12  \n",
       "2       2000-12-30 23:49:39  2000     12  \n",
       "3       2000-12-30 18:01:19  2000     12  \n",
       "4       2000-12-30 06:41:11  2000     12  \n",
       "...                     ...   ...    ...  \n",
       "1000204 2000-05-20 18:13:21  2000      5  \n",
       "1000205 2000-12-05 15:11:56  2000     12  \n",
       "1000206 2000-05-12 17:37:48  2000      5  \n",
       "1000207 2000-05-08 03:30:08  2000      5  \n",
       "1000208 2000-05-02 13:15:53  2000      5  \n",
       "\n",
       "[1000209 rows x 13 columns]>"
      ]
     },
     "execution_count": 42,
     "metadata": {},
     "output_type": "execute_result"
    }
   ],
   "source": [
    "import pandas as pd\n",
    "mlmdata = pd.read_csv('ml1mdata2000.csv')\n",
    "# get the date from timestamp:\n",
    "mlmdata['date']=pd.to_datetime(mlmdata['timestamp'], unit='s', errors='coerce')\n",
    "#using the DatetimeIndex() function to extract year and month:\n",
    "mlmdata['year'] = pd.DatetimeIndex(mlmdata['date']).year\n",
    "mlmdata['month'] = pd.DatetimeIndex(mlmdata['date']).month"
   ]
  },
  {
   "cell_type": "code",
   "execution_count": 31,
   "id": "003ab098",
   "metadata": {},
   "outputs": [
    {
     "name": "stdout",
     "output_type": "stream",
     "text": [
      "553 missing values are there in this data set\n",
      "414 rows with missing values\n"
     ]
    }
   ],
   "source": [
    "import numpy as np\n",
    "mlmdata = mlmdata.replace('?',np.NaN)\n",
    "\n",
    "print(mlmdata.isna().sum().sum(), \"missing values are there in this data set\")\n",
    "print(mlmdata.isna().any(axis=1).sum(), \"rows with missing values\")         "
   ]
  },
  {
   "cell_type": "code",
   "execution_count": 32,
   "id": "66627c7c",
   "metadata": {},
   "outputs": [
    {
     "name": "stdout",
     "output_type": "stream",
     "text": [
      "user_id        13\n",
      "movie_id       80\n",
      "rating          0\n",
      "timestamp       0\n",
      "gender          0\n",
      "age            66\n",
      "occupation     55\n",
      "zip            73\n",
      "title         173\n",
      "genres         93\n",
      "date            0\n",
      "year            0\n",
      "month           0\n",
      "dtype: int64\n",
      "Attribute title has the most missing values with 173 values missing\n"
     ]
    }
   ],
   "source": [
    "print(mlmdata.isna().sum())\n",
    "missingData = mlmdata.isna().sum()\n",
    "print(\"Attribute\" ,missingData.idxmax(),\"has the most missing values with\",missingData.max(), \"values missing\")\n"
   ]
  },
  {
   "cell_type": "code",
   "execution_count": 64,
   "id": "da4448be",
   "metadata": {},
   "outputs": [
    {
     "name": "stdout",
     "output_type": "stream",
     "text": [
      "Number of Rows before dropping missing values 1000209\n",
      "Rows after dropping missing values 999795\n"
     ]
    }
   ],
   "source": [
    "mlmdata1 = mlmdata.dropna()\n",
    "print(\"Number of Rows before dropping missing values\", mlmdata.shape[0]) \n",
    "print(\"Rows after dropping missing values\", mlmdata1.shape[0])"
   ]
  },
  {
   "cell_type": "code",
   "execution_count": 34,
   "id": "52a4c241",
   "metadata": {},
   "outputs": [
    {
     "name": "stdout",
     "output_type": "stream",
     "text": [
      "Summary Statistics for Age attribute:\n",
      " count    999795.000000\n",
      "mean         29.738092\n",
      "std          11.751970\n",
      "min           1.000000\n",
      "25%          25.000000\n",
      "50%          25.000000\n",
      "75%          35.000000\n",
      "max          56.000000\n",
      "Name: age, dtype: float64\n"
     ]
    }
   ],
   "source": [
    "print(\"Summary Statistics for Age attribute:\\n\",mlmdata1.age.describe())"
   ]
  },
  {
   "cell_type": "code",
   "execution_count": 48,
   "id": "0bf67411",
   "metadata": {},
   "outputs": [
    {
     "data": {
      "text/html": [
       "<div>\n",
       "<style scoped>\n",
       "    .dataframe tbody tr th:only-of-type {\n",
       "        vertical-align: middle;\n",
       "    }\n",
       "\n",
       "    .dataframe tbody tr th {\n",
       "        vertical-align: top;\n",
       "    }\n",
       "\n",
       "    .dataframe thead th {\n",
       "        text-align: right;\n",
       "    }\n",
       "</style>\n",
       "<table border=\"1\" class=\"dataframe\">\n",
       "  <thead>\n",
       "    <tr style=\"text-align: right;\">\n",
       "      <th></th>\n",
       "      <th>user_id</th>\n",
       "      <th>movie_id</th>\n",
       "      <th>rating</th>\n",
       "      <th>timestamp</th>\n",
       "      <th>gender</th>\n",
       "      <th>age</th>\n",
       "      <th>occupation</th>\n",
       "      <th>zip</th>\n",
       "      <th>title</th>\n",
       "      <th>genres</th>\n",
       "      <th>date</th>\n",
       "      <th>year</th>\n",
       "      <th>month</th>\n",
       "    </tr>\n",
       "  </thead>\n",
       "  <tbody>\n",
       "    <tr>\n",
       "      <th>user_id</th>\n",
       "      <td>1.000000</td>\n",
       "      <td>-0.053931</td>\n",
       "      <td>-0.032510</td>\n",
       "      <td>-0.056040</td>\n",
       "      <td>0.002819</td>\n",
       "      <td>-0.033288</td>\n",
       "      <td>-0.000359</td>\n",
       "      <td>0.664927</td>\n",
       "      <td>-0.053931</td>\n",
       "      <td>0.029254</td>\n",
       "      <td>-0.056040</td>\n",
       "      <td>-0.122047</td>\n",
       "      <td>0.073399</td>\n",
       "    </tr>\n",
       "    <tr>\n",
       "      <th>movie_id</th>\n",
       "      <td>-0.053931</td>\n",
       "      <td>1.000000</td>\n",
       "      <td>0.200741</td>\n",
       "      <td>0.528381</td>\n",
       "      <td>-0.000694</td>\n",
       "      <td>0.011048</td>\n",
       "      <td>0.001020</td>\n",
       "      <td>-0.027583</td>\n",
       "      <td>1.000000</td>\n",
       "      <td>0.151493</td>\n",
       "      <td>0.528381</td>\n",
       "      <td>0.045383</td>\n",
       "      <td>0.000735</td>\n",
       "    </tr>\n",
       "    <tr>\n",
       "      <th>rating</th>\n",
       "      <td>-0.032510</td>\n",
       "      <td>0.200741</td>\n",
       "      <td>1.000000</td>\n",
       "      <td>0.193124</td>\n",
       "      <td>0.019847</td>\n",
       "      <td>-0.010209</td>\n",
       "      <td>-0.000392</td>\n",
       "      <td>-0.021689</td>\n",
       "      <td>0.200741</td>\n",
       "      <td>0.083203</td>\n",
       "      <td>0.193124</td>\n",
       "      <td>0.024483</td>\n",
       "      <td>-0.006270</td>\n",
       "    </tr>\n",
       "    <tr>\n",
       "      <th>timestamp</th>\n",
       "      <td>-0.056040</td>\n",
       "      <td>0.528381</td>\n",
       "      <td>0.193124</td>\n",
       "      <td>1.000000</td>\n",
       "      <td>-0.011547</td>\n",
       "      <td>-0.006123</td>\n",
       "      <td>-0.007766</td>\n",
       "      <td>-0.030622</td>\n",
       "      <td>0.528381</td>\n",
       "      <td>0.143699</td>\n",
       "      <td>1.000000</td>\n",
       "      <td>0.121314</td>\n",
       "      <td>-0.018051</td>\n",
       "    </tr>\n",
       "    <tr>\n",
       "      <th>gender</th>\n",
       "      <td>0.002819</td>\n",
       "      <td>-0.000694</td>\n",
       "      <td>0.019847</td>\n",
       "      <td>-0.011547</td>\n",
       "      <td>1.000000</td>\n",
       "      <td>-0.017903</td>\n",
       "      <td>-0.004117</td>\n",
       "      <td>0.025886</td>\n",
       "      <td>-0.000694</td>\n",
       "      <td>0.050605</td>\n",
       "      <td>-0.011547</td>\n",
       "      <td>-0.026709</td>\n",
       "      <td>-0.032158</td>\n",
       "    </tr>\n",
       "    <tr>\n",
       "      <th>age</th>\n",
       "      <td>-0.033288</td>\n",
       "      <td>0.011048</td>\n",
       "      <td>-0.010209</td>\n",
       "      <td>-0.006123</td>\n",
       "      <td>-0.017903</td>\n",
       "      <td>1.000000</td>\n",
       "      <td>0.048601</td>\n",
       "      <td>-0.017679</td>\n",
       "      <td>0.011048</td>\n",
       "      <td>0.008825</td>\n",
       "      <td>-0.006123</td>\n",
       "      <td>-0.030438</td>\n",
       "      <td>-0.010807</td>\n",
       "    </tr>\n",
       "    <tr>\n",
       "      <th>occupation</th>\n",
       "      <td>-0.000359</td>\n",
       "      <td>0.001020</td>\n",
       "      <td>-0.000392</td>\n",
       "      <td>-0.007766</td>\n",
       "      <td>-0.004117</td>\n",
       "      <td>0.048601</td>\n",
       "      <td>1.000000</td>\n",
       "      <td>-0.006052</td>\n",
       "      <td>0.001020</td>\n",
       "      <td>-0.001472</td>\n",
       "      <td>-0.007766</td>\n",
       "      <td>-0.009217</td>\n",
       "      <td>-0.003142</td>\n",
       "    </tr>\n",
       "    <tr>\n",
       "      <th>zip</th>\n",
       "      <td>0.664927</td>\n",
       "      <td>-0.027583</td>\n",
       "      <td>-0.021689</td>\n",
       "      <td>-0.030622</td>\n",
       "      <td>0.025886</td>\n",
       "      <td>-0.017679</td>\n",
       "      <td>-0.006052</td>\n",
       "      <td>1.000000</td>\n",
       "      <td>-0.027583</td>\n",
       "      <td>0.031477</td>\n",
       "      <td>-0.030622</td>\n",
       "      <td>-0.096665</td>\n",
       "      <td>0.085088</td>\n",
       "    </tr>\n",
       "    <tr>\n",
       "      <th>title</th>\n",
       "      <td>-0.053931</td>\n",
       "      <td>1.000000</td>\n",
       "      <td>0.200741</td>\n",
       "      <td>0.528381</td>\n",
       "      <td>-0.000694</td>\n",
       "      <td>0.011048</td>\n",
       "      <td>0.001020</td>\n",
       "      <td>-0.027583</td>\n",
       "      <td>1.000000</td>\n",
       "      <td>0.151493</td>\n",
       "      <td>0.528381</td>\n",
       "      <td>0.045383</td>\n",
       "      <td>0.000735</td>\n",
       "    </tr>\n",
       "    <tr>\n",
       "      <th>genres</th>\n",
       "      <td>0.029254</td>\n",
       "      <td>0.151493</td>\n",
       "      <td>0.083203</td>\n",
       "      <td>0.143699</td>\n",
       "      <td>0.050605</td>\n",
       "      <td>0.008825</td>\n",
       "      <td>-0.001472</td>\n",
       "      <td>0.031477</td>\n",
       "      <td>0.151493</td>\n",
       "      <td>1.000000</td>\n",
       "      <td>0.143699</td>\n",
       "      <td>-0.019709</td>\n",
       "      <td>0.007076</td>\n",
       "    </tr>\n",
       "    <tr>\n",
       "      <th>date</th>\n",
       "      <td>-0.056040</td>\n",
       "      <td>0.528381</td>\n",
       "      <td>0.193124</td>\n",
       "      <td>1.000000</td>\n",
       "      <td>-0.011547</td>\n",
       "      <td>-0.006123</td>\n",
       "      <td>-0.007766</td>\n",
       "      <td>-0.030622</td>\n",
       "      <td>0.528381</td>\n",
       "      <td>0.143699</td>\n",
       "      <td>1.000000</td>\n",
       "      <td>0.121314</td>\n",
       "      <td>-0.018051</td>\n",
       "    </tr>\n",
       "    <tr>\n",
       "      <th>year</th>\n",
       "      <td>-0.122047</td>\n",
       "      <td>0.045383</td>\n",
       "      <td>0.024483</td>\n",
       "      <td>0.121314</td>\n",
       "      <td>-0.026709</td>\n",
       "      <td>-0.030438</td>\n",
       "      <td>-0.009217</td>\n",
       "      <td>-0.096665</td>\n",
       "      <td>0.045383</td>\n",
       "      <td>-0.019709</td>\n",
       "      <td>0.121314</td>\n",
       "      <td>1.000000</td>\n",
       "      <td>-0.112517</td>\n",
       "    </tr>\n",
       "    <tr>\n",
       "      <th>month</th>\n",
       "      <td>0.073399</td>\n",
       "      <td>0.000735</td>\n",
       "      <td>-0.006270</td>\n",
       "      <td>-0.018051</td>\n",
       "      <td>-0.032158</td>\n",
       "      <td>-0.010807</td>\n",
       "      <td>-0.003142</td>\n",
       "      <td>0.085088</td>\n",
       "      <td>0.000735</td>\n",
       "      <td>0.007076</td>\n",
       "      <td>-0.018051</td>\n",
       "      <td>-0.112517</td>\n",
       "      <td>1.000000</td>\n",
       "    </tr>\n",
       "  </tbody>\n",
       "</table>\n",
       "</div>"
      ],
      "text/plain": [
       "             user_id  movie_id    rating  timestamp    gender       age  \\\n",
       "user_id     1.000000 -0.053931 -0.032510  -0.056040  0.002819 -0.033288   \n",
       "movie_id   -0.053931  1.000000  0.200741   0.528381 -0.000694  0.011048   \n",
       "rating     -0.032510  0.200741  1.000000   0.193124  0.019847 -0.010209   \n",
       "timestamp  -0.056040  0.528381  0.193124   1.000000 -0.011547 -0.006123   \n",
       "gender      0.002819 -0.000694  0.019847  -0.011547  1.000000 -0.017903   \n",
       "age        -0.033288  0.011048 -0.010209  -0.006123 -0.017903  1.000000   \n",
       "occupation -0.000359  0.001020 -0.000392  -0.007766 -0.004117  0.048601   \n",
       "zip         0.664927 -0.027583 -0.021689  -0.030622  0.025886 -0.017679   \n",
       "title      -0.053931  1.000000  0.200741   0.528381 -0.000694  0.011048   \n",
       "genres      0.029254  0.151493  0.083203   0.143699  0.050605  0.008825   \n",
       "date       -0.056040  0.528381  0.193124   1.000000 -0.011547 -0.006123   \n",
       "year       -0.122047  0.045383  0.024483   0.121314 -0.026709 -0.030438   \n",
       "month       0.073399  0.000735 -0.006270  -0.018051 -0.032158 -0.010807   \n",
       "\n",
       "            occupation       zip     title    genres      date      year  \\\n",
       "user_id      -0.000359  0.664927 -0.053931  0.029254 -0.056040 -0.122047   \n",
       "movie_id      0.001020 -0.027583  1.000000  0.151493  0.528381  0.045383   \n",
       "rating       -0.000392 -0.021689  0.200741  0.083203  0.193124  0.024483   \n",
       "timestamp    -0.007766 -0.030622  0.528381  0.143699  1.000000  0.121314   \n",
       "gender       -0.004117  0.025886 -0.000694  0.050605 -0.011547 -0.026709   \n",
       "age           0.048601 -0.017679  0.011048  0.008825 -0.006123 -0.030438   \n",
       "occupation    1.000000 -0.006052  0.001020 -0.001472 -0.007766 -0.009217   \n",
       "zip          -0.006052  1.000000 -0.027583  0.031477 -0.030622 -0.096665   \n",
       "title         0.001020 -0.027583  1.000000  0.151493  0.528381  0.045383   \n",
       "genres       -0.001472  0.031477  0.151493  1.000000  0.143699 -0.019709   \n",
       "date         -0.007766 -0.030622  0.528381  0.143699  1.000000  0.121314   \n",
       "year         -0.009217 -0.096665  0.045383 -0.019709  0.121314  1.000000   \n",
       "month        -0.003142  0.085088  0.000735  0.007076 -0.018051 -0.112517   \n",
       "\n",
       "               month  \n",
       "user_id     0.073399  \n",
       "movie_id    0.000735  \n",
       "rating     -0.006270  \n",
       "timestamp  -0.018051  \n",
       "gender     -0.032158  \n",
       "age        -0.010807  \n",
       "occupation -0.003142  \n",
       "zip         0.085088  \n",
       "title       0.000735  \n",
       "genres      0.007076  \n",
       "date       -0.018051  \n",
       "year       -0.112517  \n",
       "month       1.000000  "
      ]
     },
     "execution_count": 48,
     "metadata": {},
     "output_type": "execute_result"
    }
   ],
   "source": [
    "mlmdata1.apply(lambda x : pd.factorize(x)[0]).corr(method='pearson', min_periods=1)  #factorize the categorical values for corr"
   ]
  },
  {
   "cell_type": "code",
   "execution_count": 68,
   "id": "a71d97aa",
   "metadata": {},
   "outputs": [
    {
     "name": "stderr",
     "output_type": "stream",
     "text": [
      "C:\\Users\\mohan\\AppData\\Local\\Temp\\ipykernel_824\\1337178860.py:1: FutureWarning: The default value of numeric_only in DataFrame.corr is deprecated. In a future version, it will default to False. Select only valid columns or specify the value of numeric_only to silence this warning.\n",
      "  mlmdata1.corr()\n"
     ]
    },
    {
     "data": {
      "text/html": [
       "<div>\n",
       "<style scoped>\n",
       "    .dataframe tbody tr th:only-of-type {\n",
       "        vertical-align: middle;\n",
       "    }\n",
       "\n",
       "    .dataframe tbody tr th {\n",
       "        vertical-align: top;\n",
       "    }\n",
       "\n",
       "    .dataframe thead th {\n",
       "        text-align: right;\n",
       "    }\n",
       "</style>\n",
       "<table border=\"1\" class=\"dataframe\">\n",
       "  <thead>\n",
       "    <tr style=\"text-align: right;\">\n",
       "      <th></th>\n",
       "      <th>user_id</th>\n",
       "      <th>movie_id</th>\n",
       "      <th>rating</th>\n",
       "      <th>timestamp</th>\n",
       "      <th>age</th>\n",
       "      <th>occupation</th>\n",
       "      <th>year</th>\n",
       "      <th>month</th>\n",
       "    </tr>\n",
       "  </thead>\n",
       "  <tbody>\n",
       "    <tr>\n",
       "      <th>user_id</th>\n",
       "      <td>1.000000</td>\n",
       "      <td>-0.017614</td>\n",
       "      <td>0.012384</td>\n",
       "      <td>-0.490446</td>\n",
       "      <td>0.034718</td>\n",
       "      <td>-0.026696</td>\n",
       "      <td>-0.094316</td>\n",
       "      <td>-0.633603</td>\n",
       "    </tr>\n",
       "    <tr>\n",
       "      <th>movie_id</th>\n",
       "      <td>-0.017614</td>\n",
       "      <td>1.000000</td>\n",
       "      <td>-0.064094</td>\n",
       "      <td>0.041597</td>\n",
       "      <td>0.027591</td>\n",
       "      <td>0.008543</td>\n",
       "      <td>0.039231</td>\n",
       "      <td>-0.003239</td>\n",
       "    </tr>\n",
       "    <tr>\n",
       "      <th>rating</th>\n",
       "      <td>0.012384</td>\n",
       "      <td>-0.064094</td>\n",
       "      <td>1.000000</td>\n",
       "      <td>-0.026750</td>\n",
       "      <td>0.056876</td>\n",
       "      <td>0.006733</td>\n",
       "      <td>-0.024483</td>\n",
       "      <td>0.000943</td>\n",
       "    </tr>\n",
       "    <tr>\n",
       "      <th>timestamp</th>\n",
       "      <td>-0.490446</td>\n",
       "      <td>0.041597</td>\n",
       "      <td>-0.026750</td>\n",
       "      <td>1.000000</td>\n",
       "      <td>-0.064597</td>\n",
       "      <td>0.015637</td>\n",
       "      <td>0.840574</td>\n",
       "      <td>0.121068</td>\n",
       "    </tr>\n",
       "    <tr>\n",
       "      <th>age</th>\n",
       "      <td>0.034718</td>\n",
       "      <td>0.027591</td>\n",
       "      <td>0.056876</td>\n",
       "      <td>-0.064597</td>\n",
       "      <td>1.000000</td>\n",
       "      <td>0.078362</td>\n",
       "      <td>-0.065603</td>\n",
       "      <td>0.016184</td>\n",
       "    </tr>\n",
       "    <tr>\n",
       "      <th>occupation</th>\n",
       "      <td>-0.026696</td>\n",
       "      <td>0.008543</td>\n",
       "      <td>0.006733</td>\n",
       "      <td>0.015637</td>\n",
       "      <td>0.078362</td>\n",
       "      <td>1.000000</td>\n",
       "      <td>-0.003114</td>\n",
       "      <td>0.035156</td>\n",
       "    </tr>\n",
       "    <tr>\n",
       "      <th>year</th>\n",
       "      <td>-0.094316</td>\n",
       "      <td>0.039231</td>\n",
       "      <td>-0.024483</td>\n",
       "      <td>0.840574</td>\n",
       "      <td>-0.065603</td>\n",
       "      <td>-0.003114</td>\n",
       "      <td>1.000000</td>\n",
       "      <td>-0.432900</td>\n",
       "    </tr>\n",
       "    <tr>\n",
       "      <th>month</th>\n",
       "      <td>-0.633603</td>\n",
       "      <td>-0.003239</td>\n",
       "      <td>0.000943</td>\n",
       "      <td>0.121068</td>\n",
       "      <td>0.016184</td>\n",
       "      <td>0.035156</td>\n",
       "      <td>-0.432900</td>\n",
       "      <td>1.000000</td>\n",
       "    </tr>\n",
       "  </tbody>\n",
       "</table>\n",
       "</div>"
      ],
      "text/plain": [
       "             user_id  movie_id    rating  timestamp       age  occupation  \\\n",
       "user_id     1.000000 -0.017614  0.012384  -0.490446  0.034718   -0.026696   \n",
       "movie_id   -0.017614  1.000000 -0.064094   0.041597  0.027591    0.008543   \n",
       "rating      0.012384 -0.064094  1.000000  -0.026750  0.056876    0.006733   \n",
       "timestamp  -0.490446  0.041597 -0.026750   1.000000 -0.064597    0.015637   \n",
       "age         0.034718  0.027591  0.056876  -0.064597  1.000000    0.078362   \n",
       "occupation -0.026696  0.008543  0.006733   0.015637  0.078362    1.000000   \n",
       "year       -0.094316  0.039231 -0.024483   0.840574 -0.065603   -0.003114   \n",
       "month      -0.633603 -0.003239  0.000943   0.121068  0.016184    0.035156   \n",
       "\n",
       "                year     month  \n",
       "user_id    -0.094316 -0.633603  \n",
       "movie_id    0.039231 -0.003239  \n",
       "rating     -0.024483  0.000943  \n",
       "timestamp   0.840574  0.121068  \n",
       "age        -0.065603  0.016184  \n",
       "occupation -0.003114  0.035156  \n",
       "year        1.000000 -0.432900  \n",
       "month      -0.432900  1.000000  "
      ]
     },
     "execution_count": 68,
     "metadata": {},
     "output_type": "execute_result"
    }
   ],
   "source": [
    "mlmdata1.corr()"
   ]
  },
  {
   "cell_type": "markdown",
   "id": "8c20089c",
   "metadata": {},
   "source": [
    "The most significant correlation, apart from correlations within the same attribute,is oberved between Rating and Age and is also observed between 'Movie ID' and 'Date,' as movies are typically released within specific time periods. Following that, we find a notable correlation between 'Movies' and 'Ratings,' which reflects the relationship between individual movies and their respective ratings"
   ]
  },
  {
   "cell_type": "code",
   "execution_count": 58,
   "id": "0a0f316e",
   "metadata": {},
   "outputs": [
    {
     "data": {
      "text/plain": [
       "<Axes: >"
      ]
     },
     "execution_count": 58,
     "metadata": {},
     "output_type": "execute_result"
    },
    {
     "data": {
